Generation:
100

Phenotype:
Seq_GetMission_Sel_AvoidObstacle_ExecuteMission_MoveToMission_CheckState_Seq_ReachTarget?_ExecuteMission_/Seq_/Sel_ReachTarget?_AvoidObstacle_/Seq

Genotype:
[29066, 22337, 44256, 81499, 4488, 93493, 48444, 49494, 31874, 6757, 23769, 74525, 92655, 86208, 80475, 60537, 52264, 75026, 28659, 96423, 79448, 70388, 99454, 25254, 30948, 84049, 11664, 59017, 25990, 10528, 10430, 60096, 82366, 66110, 60300, 98432, 48899, 95618, 56616, 17696, 4972, 26528, 77675, 26913, 24885, 59228, 38875, 26208, 79724, 79765, 91056, 33349, 722, 40851, 98891, 48927, 66004, 31509, 58783, 76182, 27963, 56408, 26733, 31176, 93536]
Tree:
None

Fitness:
26.434316876852982