Generation:
100

Phenotype:
Seq_GetMission_CheckState_Sel_Seq_MoveToMission_ReachMission?_/Seq_/Sel_Sel_GetMission_Seq_ReachMission?_/Seq_/Sel_Carry?_ExecuteCarry_Sel_Seq_GetMission_NeedExecute?_/Seq_/Sel _/Seq

Genotype:
[17581, 93250, 53383, 47051, 50694, 41504, 96323, 11793, 80858, 32769, 69813, 84801, 96323, 11793, 26706, 32769, 69813, 84801, 74136, 51063, 15126, 12830, 27985, 68720, 31175, 75293, 78003, 35714, 65970, 93937, 11112, 2873, 31517, 44572, 45710, 10208, 37545, 38809, 88627, 27787, 41925, 50307, 57161, 72260, 32182, 10985, 37545, 38809, 88627, 66117, 35270, 45549, 54458, 38935, 86144, 3876, 11793, 80858, 32769, 69813, 77701, 13582, 26616, 69813, 84801, 74136, 51063, 15126, 45450, 75372, 70975, 94021, 75622, 41504, 53094, 11793, 45450, 90395, 70975, 94021, 75622, 41504, 42659, 11793, 74136, 51063, 15126, 45450, 66635, 52950, 94021, 75622, 41504, 42659, 11793, 80858, 32769, 7965, 4820, 74136, 51063, 7820, 79055, 30631, 91087, 96327, 47573, 82249, 18662, 27787, 41925, 50307, 57161, 72260, 74302, 79055, 37545, 38809, 88627, 89190, 35270, 95888, 54458, 61192, 54002, 30644, 48553, 93874, 99633, 27787, 87566, 9860, 51063, 6331, 43340, 35492, 30046, 77701, 13582, 26616, 31175, 4603, 26945, 2138, 35714, 65970, 42896, 13079, 91841, 57955, 44572, 1906, 10208, 540, 26510, 83582, 51285, 50729, 34621, 11176, 54863, 8458, 81028, 86974, 80400, 76666, 59096, 66205, 11837, 67111, 78765, 97371, 87558, 88691, 3421, 59245, 84267, 72780, 70066, 18650, 56317, 45563, 35440, 22177, 2751, 22183, 96326, 11096, 25216, 58370, 89588, 91004, 71879, 21114, 2239, 94565, 93443, 46111]
Tree:
None

Fitness:
32.615256377319945