Generation:
100

Phenotype:
Seq_CheckState_GetMission_MoveToMission_Sel_Rescue?_Seq_ExecuteRescue_PriorMission?_/Seq_/Sel_Sel_Seq_ReachMission?_MoveToMission_/Seq_/Sel_Sel_GetMission_Seq_ExecuteRescue_Carry?_/Seq_/Sel_Sel_ExecuteRescue_Seq_OutFire?_ReachMission?_/Seq_/Sel_GetMission_NeedExecute?_Sel_NeedExecute?_Seq_Rescue?_CheckState_/Seq_/Sel_/Seq

Genotype:
[79796, 71116, 99820, 47038, 38578, 52541, 82581, 35702, 97747, 82581, 35702, 5401, 59973, 57778, 76734, 56207, 84985, 47038, 38578, 79953, 35702, 13186, 63261, 86549, 58210, 34005, 53029, 36287, 58015, 59973, 30237, 59973, 57778, 76734, 98683, 53241, 29839, 38578, 755, 57751, 85195, 80266, 20220, 84541, 12075, 15475, 97747, 52169, 85195, 80266, 52861, 98996, 69062, 77415, 866, 82581, 82250, 98914, 79953, 35702, 13186, 63261, 56207, 9572, 89815, 21031, 57751, 85195, 82377, 77334, 53657, 54935, 97747, 16418, 934, 9572, 98914, 79953, 35702, 13186, 63261, 56207, 17084, 89815, 21031, 57751, 85195, 82377, 77334, 75062, 60281, 11714, 38535, 99365, 17286, 55381, 12075, 96280, 29, 97822, 10238, 13686, 46998, 56521, 82581, 17098, 56207, 9572, 89815, 11282, 57751, 14705, 50508, 9572, 89815, 1, 57751, 56207, 9572, 89815, 13862, 57751, 14705, 50508, 65033, 99945, 85924, 97528, 43945, 58802, 55989, 95189, 7384, 39436, 26411, 14362, 66519, 40366, 82175, 34275, 46137, 14891, 27455, 85174, 60404, 19264, 92075, 97471, 50233, 17541, 68590, 62123, 39655, 60501, 53860, 837, 75215, 68638, 14644, 51173, 92523, 11282, 57751, 14705, 75060, 79026, 19198, 26212, 75175, 23629]
Tree:
None

Fitness:
44.73712686336267