Generation:
100

Phenotype:
Seq_CheckState_GetMission_TopMission?_Sel_CheckState_Seq_NeedExecute?_CheckState_/Seq_/Sel_NeedExecute?_Sel_MoveToMission_Seq_NeedExecute?_CheckState_/Seq_/Sel_/Seq

Genotype:
[21701, 79116, 67750, 89138, 97967, 35435, 6777, 7108, 2932, 53599, 22728, 96950, 8983, 23737, 45915, 50696, 92857, 41673, 68648, 19805, 65807, 42757, 51462, 59589, 77379, 91805, 94797, 7701, 62807, 8233, 55206, 97389, 13936, 92948, 93417, 81193, 15981, 27095, 5934, 42919, 78624, 587, 46000, 8233, 84920, 56567, 57657, 76003, 73761, 46337, 90462, 50289, 80171, 68503, 9343, 30471, 7765, 58034, 95648, 50447, 31230, 86601, 45514, 77440, 27294, 67979, 12111, 78993, 24754, 23506, 54557, 97406]
Tree:
None

Fitness:
10010