Generation:
200

Phenotype:
Seq_CheckState_GetMission_Sel_MoveToMission_Seq_ReachMission?_MoveToMission_/Seq_/Sel_ReachMission?_Sel_Seq_Rescue?_ExecuteRescue_/Seq_Seq_Carry?_ExecuteCarry_/Seq_/Sel_/Seq

Genotype:
[53288, 96518, 18669, 8423, 51073, 51878, 98513, 54465, 23446, 98513, 39986, 6793, 33996, 118, 62757, 18960, 36659, 7404, 30609, 42839, 54706, 11227, 37148, 12100, 69885, 14808, 87458, 12617, 7404, 22715, 51535, 18669, 88364, 51073, 41798, 98513, 80199, 31529, 46140, 71344, 98257, 9856, 54350, 89066, 42719, 51878, 98513, 54465, 6793, 12720, 28956, 96587, 40850, 38229, 85172, 25211, 11756, 67711, 118, 5090, 93334, 58880, 83484, 89215, 27328, 83553, 14102, 74113, 73080, 91513, 67846, 59666, 42813, 52052, 8423, 81266, 97215, 92606, 76600, 80329, 5823, 72436, 58982, 89379, 77976, 9645, 52399]
Tree:
None

Fitness:
55.66632059609971