Generation:
100

Phenotype:
Seq_CheckState_CheckState_GetMission_CheckState_GetMission_MoveToMission_CheckState_Sel_ExecuteRescue_Seq_ReachMission?_CheckState_/Seq_/Sel_Rescue?_Sel_MoveToMission_Seq_Carry?_CheckState_/Seq_/Sel_/Seq

Genotype:
[94754, 84686, 2996, 59004, 17073, 3082, 22205, 27830, 83566, 12178, 22205, 1386, 76911, 21139, 99106, 82964, 71516, 16350, 1846, 83279, 20312, 3722, 36836, 66167, 17444, 76216, 11320, 77136, 42896, 13580, 15467, 38898, 28159, 48206, 55208, 86117, 13079, 57083, 77136, 59004, 592, 48206, 55208, 39837, 9512, 6669, 29900, 81436, 49232, 7551, 16056, 1706, 31606, 83824, 29860, 33787, 13079, 72973, 39182, 59425, 28490, 13580, 15467, 38898, 28159, 48206, 55208, 25680, 52027, 13079, 12178, 12178, 60920, 59425, 28490, 54374, 16087, 47801, 28581, 65652, 64086, 25680, 52125, 42356, 38848, 64279, 59004, 41881, 16056, 1846, 25622, 83824, 50391, 20759, 47877, 62899, 78458, 81096]
Tree:
None

Fitness:
10000