Generation:
200

Phenotype:
Seq_CheckState_GetMission_Sel_MoveToMission_Seq_IsBlocked?_GetMission_/Seq_/Sel_ReachMission?_Sel_ExecuteRescue_Seq_Rescue?_ExecuteOutFire_/Seq_/Sel_/Seq

Genotype:
[65807, 36216, 19159, 17721, 60943, 22456, 95769, 83577, 22995, 51696, 35711, 9606, 37356, 92228, 84467, 9742, 73670, 33246, 25773, 84467, 54064, 22974, 35586, 79237, 78906, 31682, 45496, 57893, 53830, 24638, 4734, 7026, 9410, 16188, 38004, 2377, 53026, 44225, 73749, 89236, 94082, 13206, 35201, 11031, 2689, 33651, 61895, 67437, 39136, 99032, 39033, 88347, 19250, 27689, 82956, 55183, 55525]
Tree:
None

Fitness:
10000