Generation:
200

Phenotype:
Seq_CheckState_GetMission_MoveToMission_ReachMission?_Sel_Seq_Rescue?_ExecuteRescue_/Seq_Seq_Carry?_ExecuteCarry_/Seq_/Sel_/Seq

Genotype:
[68857, 94649, 9524, 23205, 57500, 29765, 2261, 30781, 35667, 61581, 87627, 9840, 60290, 93292, 23356, 44247, 92803, 6459, 97537, 16717, 19223, 61434, 62183, 80400, 85719, 25427, 34528, 30781, 60046, 10284, 81736, 89342, 21642, 59206, 57500, 29765, 2261, 30781, 34889, 11653, 88419, 81050, 52858, 17500, 69760, 90120, 89352, 88419, 87639, 53591, 46507, 14480, 76967, 57465, 79630, 55198, 98311, 60180, 5017, 97820, 86191, 48724, 38930, 35413, 14308, 8018, 47036, 2261, 8292, 15092, 97709, 31029, 90120, 89352, 88419, 25059, 53591, 46507, 50574, 38376, 15133, 35772, 45075, 663, 11138, 14564, 46326, 962, 60216, 84611, 47332, 23900, 37186, 13468, 2399]
Tree:
None

Fitness:
51.75681687685298