Generation:
50

Phenotype:
Seq_CheckState_GetMission_Sel_MoveToMission_Seq_IsBlocked?_AvoidObstacle_/Seq_/Sel_ReachMission?_Sel_Seq_OutFire?_ExecuteOutFire_/Seq_Seq_Carry?_ExecuteCarry_/Seq_/Sel_/Seq

Genotype:
[83822, 16886, 38496, 32102, 11601, 79955, 78527, 39980, 93275, 15934, 8818, 8353, 76297, 79955, 4391, 95516, 6792, 93028, 64602, 14672, 86823, 38526, 69558, 19389, 11086, 48066, 16363, 72691, 40664, 1787, 32102, 64602, 74049, 32846, 42050, 55894, 43891, 17597, 11086, 40664, 6792, 72691, 22043, 1787, 32102, 89637, 64602, 31209, 32846, 42050, 55894, 24656, 17597, 26102, 50403, 32846, 38141, 325, 86475, 92054, 7944, 66176, 52241, 97692, 57119, 54951, 39211, 36693, 74492, 43763, 7036, 90123, 25487, 9201, 18628]
Tree:
None

Fitness:
88.83382059609971