Generation:
100

Phenotype:
Seq_CheckState_CheckState_Sel_GetMission_Seq_Carry?_MoveToMission_/Seq_/Sel_ReachMission?_ExecuteCarry_Sel_CheckState_Seq_OutFire?_/Seq_/Sel _/Seq

Genotype:
[33654, 85656, 49378, 15961, 73311, 21159, 59514, 90903, 83496, 9148, 56719, 70324, 29974, 88785, 80779, 85656, 49378, 15961, 58477, 7646, 60690, 57842, 74680, 32148, 16495, 16836, 93939, 99611, 97218, 57233, 55636, 73311, 97218, 47215, 55636, 85656, 88789, 15961, 73311, 30276, 74501, 32947, 30436, 82140, 56719, 70324, 29974, 88785, 80779, 79417, 88758, 49089, 99497, 30436, 82140, 46908, 40321, 30436, 2704, 32014, 70324, 65229, 41736, 94388, 21826, 37122, 99281, 78440, 60622, 49089, 41319, 41736, 94388, 21826, 18223, 98776, 32675, 56719, 75326, 30436, 88660, 56719, 70324, 29974, 88785, 95239, 60402, 7015, 26114, 68883, 89872, 17789, 54019, 48641, 27460, 31580, 93475, 57842, 45779, 576, 67363, 45240, 57255, 73833, 58752, 38444, 56719, 70324, 29974, 88785, 80779, 20291, 89650, 47953, 71954, 12715, 60622, 70324, 29974, 85876, 65236, 57233, 2558, 60855, 38942, 16836, 58090, 73311, 97218, 57233, 70971, 87409, 50956, 3599, 3137, 85656, 88789, 15961, 73311, 89872, 17789, 54019, 48641, 98233, 31580, 93475, 57842, 45779, 576, 67363, 45240, 57255, 73833, 58769, 73320, 16530, 92083, 38009, 64102, 78543, 14860, 35781, 96554, 46274, 96437, 98904, 35458, 85041, 85395, 58012, 8959, 68160, 29783, 92635, 49009, 60441, 36902, 32776, 29344, 11024]
Tree:
None

Fitness:
20.62079637837291