Generation:
50

Phenotype:
Seq_CheckState_GetMission_MoveToMission_ReachMission?_Sel_Seq_Carry?_ExecuteCarry_/Seq_Seq_Rescue?_ExecuteRescue_/Seq_Seq_OutFire?_ExecuteOutFire_/Seq_/Sel_/Seq

Genotype:
[50475, 8280, 588, 51924, 40457, 30277, 95938, 47242, 21752, 24198, 45278, 588, 51924, 51924, 59155, 50947, 24991, 40457, 84898, 3018, 54910, 51924, 61942, 50429, 32891, 11695, 83868, 50947, 7239, 47291, 3484, 62593, 69500, 63336, 23001, 33070, 87091, 30534, 588, 51924, 40457, 87833, 69500, 32011, 23001, 51924, 40457, 84898, 24198, 25328, 51924, 40457, 49878, 47242, 3484, 69141, 22941, 79251, 51924, 40457, 49878, 47242, 33070, 61737, 80378, 90575, 39953, 73216, 61814, 25502, 54247, 98375, 72540, 84280, 31686, 15459, 34516, 63892, 89717]
Tree:
None

Fitness:
53.03955854077836