Generation:
200

Phenotype:
Seq_CheckState_GetMission_MoveToMission_ReachMission?_Sel_Seq_Carry?_ExecuteCarry_/Seq_Seq_Rescue?_ExecuteRescue_/Seq_/Sel_/Seq

Genotype:
[90643, 2490, 48202, 76573, 16634, 7575, 76559, 8059, 18847, 2166, 87209, 91806, 12421, 24929, 19956, 8059, 8055, 21642, 24679, 31446, 31139, 95016, 39872, 94808, 91789, 61869, 20415, 10404, 76573, 16634, 7575, 19956, 8059, 6045, 9293, 44756, 6632, 4425, 28994, 55353, 50086, 94191, 67339, 8059, 18847, 51263, 65764, 44664, 80833, 70006, 52644, 32499, 51134, 98169, 81768, 67365, 54226, 66685, 98399, 34893, 57606, 29880, 85599, 86429, 74187, 35665, 97041, 99372, 53327, 40097, 2354, 55288, 56594, 30908, 48307, 84387, 4025, 30731, 96740, 22866, 13498, 95940, 23235, 9740, 57399, 53621]
Tree:
None

Fitness:
51.75681687685298