Generation:
50

Phenotype:
Seq_CheckState_GetMission_Sel_MoveToMission_Seq_ReachMission?_CheckState_/Seq_/Sel_Carry?_Sel_Seq_OutFire?_ExecuteRescue_/Seq_/Sel_/Seq

Genotype:
[63380, 34020, 77693, 76101, 58962, 25578, 3005, 29232, 76101, 95893, 91554, 43411, 82341, 28309, 87298, 77466, 65598, 3156, 15115, 62464, 60500, 98074, 56870, 60019, 25578, 3005, 4567, 76101, 95893, 91554, 43411, 82341, 67335, 58505, 76101, 71212, 91554, 43411, 5854, 3281, 67053, 51312, 23568, 8656, 57666, 42906, 7172, 24514, 56532, 89342, 60487, 34005, 15725, 77937]
Tree:
None

Fitness:
10010