Generation:
100

Phenotype:
Seq_CheckState_CheckState_GetMission_Sel_MoveToMission_AvoidObstacle_Seq_IsBlocked?_GetMission_/Seq_/Sel_ReachTarget?_ExecuteMission_/Seq

Genotype:
[62344, 40852, 52800, 76382, 82030, 67387, 34721, 66745, 69570, 14892, 3911, 14228, 57039, 57196, 9346, 22549, 79991, 82030, 67387, 34721, 48004, 31992, 68224, 2080, 14892, 18196, 27563, 57050, 84383, 82821, 74072, 62861, 14228, 57039, 81049, 9346, 22549, 79991, 20835, 81049, 9346, 22549, 79991, 20835, 13668, 37635, 86025, 32229, 51798, 37134, 12262, 91568, 97440, 63784, 47922, 59127, 20198, 32117, 97730, 62116, 29794, 43234, 36130, 36602, 11571, 74760, 34096, 97574, 7045, 45485, 33788, 17435, 19549, 59015, 89579, 64017, 92372, 94204, 44583, 97808, 28107, 512, 16000, 64905, 46047, 16765]
Tree:
None

Fitness:
30.56681687685298