Generation:
100

Phenotype:
Seq_CheckState_GetMission_Sel_MoveToMission_Seq_IsBlocked?_CheckState_/Seq_/Sel_ReachMission?_Sel_Seq_Carry?_ExecuteOutFire_/Seq_Seq_IsBlocked?_MoveToMission_/Seq_Seq_OutFire?_GetMission_/Seq_Seq_ReachMission?_ExecuteCarry_/Seq_Seq_Rescue?_ExecuteRescue_/Seq_Seq_OutFire?_CheckState_/Seq_/Sel_/Seq

Genotype:
[88601, 96090, 91574, 76461, 81936, 61070, 506, 26020, 40790, 55664, 81936, 83551, 16998, 43983, 44249, 1664, 89992, 81936, 61070, 44249, 60486, 40790, 30398, 81936, 98640, 19397, 64216, 58288, 58730, 40790, 6282, 70725, 16209, 42362, 2558, 76461, 81936, 61070, 44249, 58288, 21491, 30219, 7911, 31419, 8598, 70725, 89274, 88215, 2558, 43161, 40865, 98640, 70441, 69155, 76477, 30398, 81936, 98640, 1664, 19358, 35544, 34011, 45813, 73000, 58781, 48600, 10933, 78455, 25188, 47011, 31419, 66862, 16670, 32303, 46474, 79546, 61070, 96090, 60486, 13481, 30398, 31419, 66862, 61070, 98640, 24376, 36097, 54246, 1665, 64499, 14139, 44249, 58288, 71139, 88215, 2558, 43161, 40865, 98640, 70441, 69155, 76477, 17987, 67166, 1782, 73000, 24219, 2192, 10933, 53808, 93709, 47011, 94435, 66089, 99219, 82512, 80268, 31419, 20776, 54073, 70340, 77290, 44031, 86881, 98125, 95347, 21759, 38390, 3689, 50089, 9239, 50489]
Tree:
None

Fitness:
67.54775568065745