Generation:
100

Phenotype:
Seq_GetMission_Sel_MoveToMission_CheckState_Seq_IsBlocked?_ExecuteMission_/Seq_/Sel_ReachTarget?_ExecuteMission_/Seq

Genotype:
[10502, 41859, 93906, 92155, 18066, 78772, 97941, 55000, 95741, 92155, 93906, 92155, 87484, 78772, 97941, 65019, 70094, 60351, 95659, 87616, 47320, 654, 88636, 55000, 41982, 77004, 93906, 8902, 64586, 70094, 60351, 18935, 87616, 47320, 654, 71857, 55000, 41982, 98462, 18935, 90161, 24233, 58701, 80175, 35885, 79700, 93906, 86744, 18066, 78772, 97941, 55000, 95741, 60351, 18935, 24570, 88294, 52211, 58778, 78772, 3720, 41935, 39309, 94653, 42829, 71503, 95773, 77925, 92752, 5484, 87967, 96031, 23877, 41982, 60351, 18935, 80293, 90161, 1583, 32027, 18386, 49326, 55618, 16985, 80621, 89225, 14515, 20036, 87616, 18734, 18040, 21278, 3065, 81703, 97584, 47124, 49072, 89604, 85502, 59140, 69481, 83934, 64565, 15298, 60255, 89535, 45038, 51072, 97949, 80841, 66547, 8922, 77144, 62753, 12708]
Tree:
None

Fitness:
28.84730650891055