Generation:
50

Phenotype:
Seq_CheckState_GetMission_MoveToMission_ReachMission?_Sel_Seq_Rescue?_ExecuteRescue_/Seq_Seq_Carry?_ExecuteCarry_/Seq_/Sel_/Seq

Genotype:
[34590, 16492, 15704, 37880, 96969, 82975, 99426, 73914, 87808, 39602, 76668, 16705, 30930, 61892, 68136, 21280, 31849, 89098, 8082, 70840, 49723, 80669, 12539, 66577, 62235, 48425, 72772, 79235, 6810, 68136, 50181, 26721, 94962, 1435, 80427, 91790, 94052, 52945, 29093, 11903, 36189, 14449, 80813, 66971, 87808, 62235, 48425, 11903, 99426, 60453, 27849, 6810, 2365, 37085, 22015, 2040, 62888, 51561, 13069, 17313, 44288, 85777, 68350, 93566, 55683, 5621, 34888, 44310]
Tree:
None

Fitness:
51.61681687685298