Generation:
100

Phenotype:
Seq_GetMission_TopMission?_NeedExecute?_CheckState_Sel_ExecuteOutFire_Seq_MoveToMission_NeedExecute?_/Seq_/Sel_/Seq

Genotype:
[86206, 97836, 55149, 75363, 23299, 45531, 65978, 48960, 65310, 17948, 19185, 58854, 17609, 71164, 68567, 83091, 46095, 24012, 14759, 6149, 16201, 11342, 18263, 44703, 37857, 98650, 54421, 76173, 6787, 71164, 68567, 80722, 46095, 24012, 8950, 6149, 98681, 14182, 24423, 82940, 55729, 28931, 48011, 32838, 25164, 38282, 90242, 15586, 93121, 37447, 73614, 93015, 20068, 61273, 56486, 54627, 29036, 31758, 6295, 25285, 95777, 62620, 67909, 46070, 60956, 17382, 18510, 91476, 41084]
Tree:
None

Fitness:
10010