Generation:
100

Phenotype:
Seq_CheckState_GetMission_TopMission?_NeedExecute?_MoveToMission_TopMission?_Sel_CheckState_Seq_ExecuteOutFire_OutFire?_/Seq_/Sel_/Seq

Genotype:
[32786, 71551, 38900, 68663, 91985, 37570, 86920, 56717, 22535, 20288, 61241, 85738, 12841, 48226, 72527, 7420, 51989, 63292, 33549, 2424, 62604, 96018, 50441, 24021, 30607, 64924, 220, 65525, 64161, 63388, 31877, 28250, 7776, 43194, 77418, 76755, 73363, 21781, 37570, 10897, 56773, 85738, 12841, 48226, 24777, 768, 91070, 69452, 2424, 54428, 96018, 301, 91672, 96291, 26044, 38336, 74050, 73852, 55491, 24021, 49393, 64924, 220, 14081, 54666, 55388, 22401, 86900, 46040, 48659, 18660, 32366, 40491, 63648, 21781, 80475, 23871, 65706, 92801, 2302, 8055, 56773, 1369, 74309, 59305, 81858, 15188, 17718, 98796, 81953, 323, 16259, 86756, 62059, 88801, 2436, 58977]
Tree:
None

Fitness:
10010