Generation:
200

Phenotype:
Seq_CheckState_GetMission_MoveToMission_GetMission_ReachMission?_Sel_ExecuteOutFire_Seq_Rescue?_ExecuteRescue_/Seq_/Sel_/Seq

Genotype:
[62314, 48738, 91742, 98917, 34910, 18726, 76198, 55813, 49057, 27259, 89669, 94276, 27144, 61150, 18726, 60382, 4834, 98917, 14213, 48931, 9917, 55813, 8006, 59787, 77815, 98917, 14166, 60027, 9153, 37689, 60027, 80120, 48945, 55813, 27144, 69564, 52040, 60027, 9153, 87475, 91597, 71816, 2121, 23594, 74013, 62216, 57424, 94886, 80120, 53144, 65399, 2936, 71002, 98974, 30213, 63252, 96448, 9353, 8641, 75617, 12197, 80522, 37703, 69615, 98962, 52593, 59615, 65045, 4981, 36849, 52472, 94, 92578, 96607, 34126, 92937, 81519, 93762, 14341, 69113, 33831, 47246, 62642]
Tree:
None

Fitness:
10000