Generation:
200

Phenotype:
Seq_CheckState_GetMission_Sel_ExecuteMission_MoveToMission_Seq_IsBlocked?_MoveToMission_/Seq_/Sel_ReachTarget?_AvoidObstacle_/Seq

Genotype:
[74248, 33810, 10515, 72971, 94166, 26051, 49286, 1344, 23369, 75842, 77839, 62642, 64852, 77839, 62642, 99181, 10891, 66453, 45998, 65062, 93435, 45810, 47148, 10840, 31048, 36658, 84394, 47007, 31163, 11088, 96008, 16513, 90885, 31876, 63853, 38686, 15518, 49262, 17593, 345, 16055, 76646, 41062, 19652, 12459, 47013, 80012, 30267, 28005, 33523]
Tree:
None

Fitness:
11.40175425099138