Generation:
200

Phenotype:
Seq_CheckState_GetMission_Sel_MoveToMission_Seq_Carry?_ExecuteRescue_/Seq_/Sel_ReachMission?_Sel_Seq_Rescue?_ExecuteRescue_/Seq_Seq_Carry?_ExecuteCarry_/Seq_/Sel_/Seq

Genotype:
[16946, 91312, 42966, 83289, 18103, 44720, 8752, 45857, 65744, 64572, 32766, 18103, 68130, 89561, 3787, 89961, 8837, 77611, 88154, 22021, 59809, 53148, 8193, 21817, 70196, 29564, 8752, 7593, 56133, 59809, 59318, 18103, 79936, 8752, 13335, 88806, 16882, 53967, 84915, 966, 36616, 16828, 16648, 91312, 76116, 18103, 66254, 18103, 56133, 63849, 61623, 62826, 68670, 76116, 72642, 80266, 95053, 81506, 10307, 56246, 42742, 12426, 65238, 24020, 15680, 5631, 37943, 19079, 18372, 626, 17704, 64592, 81242, 67559, 5623, 97810, 4769, 29093, 49302, 6067, 33725, 6614, 68988, 23009, 13754, 63490, 10463, 92402, 53867, 56076, 92567]
Tree:
None

Fitness:
55.66632059609971