Generation:
200

Phenotype:
Seq_CheckState_GetMission_TopMission?_Sel_Seq_NeedExecute?_MoveToMission_/Seq_Seq_AvoidObstacle_Rescue?_/Seq_/Sel_Rescue?_Sel_Seq_ExecuteRescue_Carry?_/Seq_Seq_TopMission?_AvoidObstacle_/Seq_Seq_ExecuteOutFire_IsBlocked?_/Seq_Seq_Rescue?_ExecuteRescue_/Seq_Seq_ReachMission?_AvoidObstacle_/Seq_/Sel_/Seq

Genotype:
[3565, 48015, 79170, 29379, 40925, 91407, 85287, 54554, 67031, 26650, 57407, 12530, 92220, 19896, 29279, 65392, 29379, 86292, 41787, 76542, 55839, 78002, 4757, 4135, 55283, 49118, 55454, 52651, 44482, 11091, 44726, 47614, 84234, 30515, 4135, 74249, 3640, 17271, 84480, 58342, 78376, 95553, 18129, 14544, 53579, 99879, 11784, 175, 16637, 69159, 43563, 16598, 19751, 51653, 10781, 27122, 5710, 27711, 10555, 43660, 39273, 67498, 55454, 52651, 44482, 11091, 49396, 47614, 61277, 18908, 4135, 74249, 3640, 17271, 3751, 28266, 51653, 55080, 39521, 15363, 14544, 53579, 51664, 27595, 61823, 74185, 43088, 1385, 57203, 54417, 85655, 54680, 31211, 49038, 77819, 28198, 51664, 16567, 80618, 82041, 47926, 25459, 11784, 175, 16171, 25230, 7997, 67745, 56194, 70211, 75832, 17336, 89264, 73071, 81549, 34542, 6201, 8372, 84661, 43387, 8054, 33372, 30027, 77321, 48382, 43419, 21653, 61265, 25516, 87565, 29283, 61187, 76845, 56223, 14948, 86861, 96490, 5582, 90202, 22913, 46554, 9086, 46887]
Tree:
None

Fitness:
10000