Generation:
100

Phenotype:
Seq_CheckState_GetMission_MoveToMission_ReachMission?_ReachMission?_Rescue?_Sel_ExecuteRescue_Seq_OutFire?_MoveToMission_/Seq_/Sel_/Seq

Genotype:
[90949, 74808, 8510, 38850, 69336, 30444, 83625, 9872, 13804, 36846, 17538, 69951, 42465, 10362, 38850, 14004, 30444, 50768, 9872, 5229, 38850, 64887, 78496, 92013, 61264, 45517, 27100, 73270, 96814, 73270, 56546, 71685, 52205, 30376, 14718, 69336, 98630, 78496, 73270, 47327, 41366, 16586, 3525, 78496, 43443, 46578, 59792, 34109, 78496, 42542, 6601, 52997, 44733, 29922, 81668, 9872, 16254, 8510, 38850, 69336, 14718, 85150, 22675, 71685, 52205, 83614, 95738, 77922, 64003, 95210, 97191, 16586, 3525, 78496, 51854, 38850, 69336, 30444, 81668, 17515, 56546, 71685, 30444, 18757, 84589, 21028, 69336, 30444, 81668, 9872, 35280, 16586, 34414, 78496, 32503, 81045, 81668, 9872, 52184, 88984, 30444, 81668, 9872, 63844, 15707, 24250, 16586, 3525, 78496, 97319, 98339, 71685, 43573, 97186, 14718, 87318, 22675, 19829, 54675, 11804, 44830, 11804, 44830, 24443, 87754, 3525, 27865, 97098, 28027, 42947, 16245, 22090, 83980, 74991, 81613, 81068]
Tree:
None

Fitness:
10000