Generation:
50

Phenotype:
Hiuko xomAe!

Genotype:
[20813, 8749, 7759, 65294, 79191, 94848, 39932, 43, 60279, 2664, 32308, 53164, 43, 85765, 86750, 65737, 22915, 66, 83898, 73932, 37893, 5357, 915, 43759, 21895, 35622, 57348, 12541, 91122, 35806, 28147, 57441, 99679, 73932, 37893, 5357, 915, 43759, 21895, 66257, 57348, 58576, 79191, 16906, 95597, 4011, 69909, 53178, 94285, 4432, 55234, 78249, 34153, 43, 3752, 69917, 36217, 43247, 95597, 43, 49473, 67442, 36217, 27362, 15898, 57995, 19382, 77707, 40234, 26374, 5092, 8749, 72891, 93328, 55087, 20403, 49758, 91495, 9785, 12523, 67111, 94285, 4432, 55234, 91937, 95925, 20422, 65294, 7849, 41314, 8273, 78471, 2512, 29172, 32719, 74242, 9445, 70501, 80687, 37008, 49098, 69562, 74807, 57441, 99679, 82169, 30635, 86740, 81877, 77923, 59481, 224, 70360, 85907, 9785, 22268, 2347, 28515, 74455, 23907, 59689, 62206, 96937, 29404, 71105, 23925, 98840, 52505, 45576, 15399, 48426, 48578, 36958, 20546, 4920, 61198, 99379, 27519, 31880, 38243, 50778, 64159, 66445, 82147, 14512, 97530, 96506, 77541]
Tree:
None

Fitness:
5.010606060606062