Generation:
50

Phenotype:
Seq_CheckState_GetMission_MoveToMission_ReachMission?_Sel_Seq_OutFire?_ExecuteOutFire_/Seq_Seq_Rescue?_ExecuteRescue_/Seq_Seq_Carry?_ExecuteCarry_/Seq_/Sel_/Seq

Genotype:
[86908, 50268, 87772, 36758, 56689, 30465, 15506, 40859, 88834, 1468, 80686, 99694, 40859, 55071, 60263, 33251, 40859, 55071, 54473, 53408, 78152, 85853, 11133, 99694, 40859, 56689, 13330, 59968, 40859, 40859, 55071, 50272, 95215, 90248, 48880, 60586, 80219, 81416, 9717, 60116, 56689, 13330, 29480, 60568, 99694, 40859, 79852, 18711, 53408, 32661, 13330, 11133, 40859, 54659, 46235, 41159, 88834, 18359, 69456, 60139, 40859, 9887, 59815, 99694, 45735, 41488, 43507, 72927, 4937, 4797, 56890, 42419, 63075, 90247, 72515, 98474, 62740, 72515, 37231, 65870, 13330, 11133, 40859, 8370, 46235, 51845, 70844, 76563, 98478, 33251, 71434, 760, 27849, 75290, 85310, 98225, 40516, 45558, 81479]
Tree:
None

Fitness:
53.89955854077836