Generation:
50

Phenotype:
Seq_CheckState_GetMission_Sel_MoveToMission_Seq_IsBlocked?_AvoidObstacle_/Seq_/Sel_ReachMission?_Sel_Seq_Carry?_ExecuteCarry_/Seq_Seq_OutFire?_ExecuteOutFire_/Seq_/Sel_/Seq

Genotype:
[67849, 46932, 60388, 51178, 88309, 5355, 53847, 73785, 22793, 26266, 19056, 52244, 51383, 17726, 51178, 35641, 50096, 5355, 81115, 73785, 22793, 26266, 46932, 1108, 91542, 52244, 66554, 28070, 44279, 16720, 5290, 32697, 4029, 58482, 19041, 49539, 73785, 1108, 44772, 61225, 17726, 83086, 2428, 41591, 52244, 88723, 10408, 61837, 397, 66356, 27288, 32635, 58931, 12855, 64535, 53368, 46594, 41086, 36295, 58565, 16374]
Tree:
None

Fitness:
88.83382059609971