Generation:
50

Phenotype:
Seq_CheckState_GetMission_MoveToMission_ReachMission?_Sel_Seq_Rescue?_ExecuteRescue_/Seq_Seq_Carry?_ExecuteCarry_/Seq_/Sel_/Seq

Genotype:
[35136, 61218, 62536, 49316, 86689, 64999, 39830, 29298, 77100, 97632, 32928, 10515, 70705, 77642, 89856, 48082, 75836, 20125, 52847, 63552, 89273, 20408, 19635, 62536, 97605, 58000, 11435, 98506, 75953, 20638, 37690, 93698, 42705, 50172, 32123, 46598, 60993, 41369, 79488, 70508, 92001, 1698, 63620, 15857, 47952, 46644, 86798, 87323, 31087]
Tree:
None

Fitness:
23.72931687685298