Generation:
200

Phenotype:
Seq_CheckState_GetMission_NeedExecute?_Sel_Seq_TopMission?_ExecuteOutFire_/Seq_Seq_MoveToMission_Rescue?_/Seq_Seq_ReachMission?_GetMission_/Seq_/Sel_OutFire?_Sel_ExecuteOutFire_Seq_AvoidObstacle_Rescue?_/Seq_/Sel_/Seq

Genotype:
[83641, 23227, 88924, 86114, 9511, 2080, 13165, 72781, 32399, 74128, 49928, 41218, 32399, 21152, 83940, 85395, 32399, 74552, 49928, 38601, 71445, 66518, 52032, 72241, 35306, 21152, 32436, 86975, 25559, 52615, 80798, 37852, 66243, 35235, 63254, 32711, 11120, 61720, 31678, 31080, 83298, 81515, 74947, 28800, 2455, 86114, 9511, 18999, 36682, 54939, 52032, 55588, 19615, 97211, 69330, 72781, 23093, 17303, 68532, 41997, 46789, 70563, 97211, 69330, 31045, 26795, 35235, 7231, 84546, 20957, 17923, 99892, 86383, 71290, 55437, 10282, 73675, 9511, 2080, 46761, 48914, 23093, 92251, 36160, 41218, 71445, 41920, 52032, 88368, 94077, 15583, 52032, 1846, 9487, 32399, 74552, 45588, 47979, 27443, 36032, 75459, 17303, 72781, 9735, 13468, 62708, 57451, 61027, 72241, 35306, 21152, 32436, 86975, 25559, 52615, 80798, 37852, 66243, 35235, 63254, 32711, 11120, 61720, 92082, 31080, 83298, 81515, 74947, 90603, 2455, 54266, 64900, 90812, 15046, 12702, 12547, 80869, 35236, 54156, 32285, 39727, 9487, 36032, 42022, 29173, 27584, 18228, 54266, 27401, 59323, 79624, 99970, 34862, 97573, 55100, 11442, 66243, 77257, 10130, 90603, 41748, 74515, 24528, 39727, 9487, 44273, 66427, 12702, 12547, 24640, 71221, 55582, 77132, 43129, 94661, 97200, 94807, 11801, 77704, 69023, 48885, 61219, 9248, 23297, 26122, 75894, 54710, 47179, 72571]
Tree:
None

Fitness:
54.798748416156684