Generation:
200

Phenotype:
Seq_CheckState_GetMission_MoveToMission_ReachMission?_OutFire?_Sel_Seq_ReachMission?_ExecuteOutFire_/Seq_/Sel_/Seq

Genotype:
[30301, 83939, 5008, 67529, 42626, 91106, 63303, 32972, 38826, 79241, 95429, 16363, 53237, 21685, 55890, 43536, 20116, 57712, 68362, 78204, 76651, 84939, 32972, 38826, 47118, 92500, 32972, 27012, 32972, 24320, 63082, 85243, 3773, 92782, 66943, 78550, 51964, 66943, 91683, 49833, 56283, 61567, 3670, 48320, 55259, 4234, 63303, 32972, 11891, 81160, 57152, 36681, 14885, 13618, 16018, 40624, 68065, 91106, 47631, 12060, 9821, 42626, 52870, 69521, 69588, 49507, 40624, 68065, 91106, 47631, 78853, 16018, 39611, 34327, 83050, 52870, 69521, 69588, 49507, 40624, 68065, 91106, 47631, 32972, 38826, 737, 28907, 38826, 51636, 38826, 84389, 62895, 84669, 7787, 69588, 32914, 40624, 68065, 11461, 47631, 90340, 28725, 1836, 71163, 53473, 66943, 90504, 68362, 42626, 91106, 29991, 32972, 79457, 33031, 70193, 44652, 61961, 80546, 73220, 34327, 62895, 15003, 69521, 245, 90522, 90114, 69167, 48071, 51431, 16363, 16018, 83939, 34327, 72609, 20984, 69120, 33001, 10543, 5311, 57789, 35408, 77306, 77285, 90623, 16846, 43426, 31867, 6252, 74809, 9464, 46885, 53093, 92930, 82921, 14299, 1990, 33024, 97066, 90714, 98476, 30544, 11053]
Tree:
None

Fitness:
45.015306508910555