Generation:
100

Phenotype:
Seq_CheckState_GetMission_MoveToMission_ReachTarget?_ExecuteMission_/Seq

Genotype:
[48191, 71616, 42275, 44924, 58691, 96507, 60782, 61761, 3035, 11399, 75004, 82238, 91810, 42275, 63586, 60782, 67852, 6729, 42275, 42857, 71868, 75004, 17839, 91810, 42275, 63586, 60782, 67852, 6729, 53491, 60755, 36817, 18272, 82238, 52035, 67852, 67852, 75004, 80022, 98772, 69357, 92610, 42353, 71869, 75004, 97892, 22372, 72621, 60782, 85191, 81772, 60782, 67852, 67852, 67852, 75004, 60782, 67852, 64358, 26251, 77208, 42857, 36817, 16024, 23528, 11968, 63406, 60782, 67852, 16381, 37773, 53491, 31141, 67852, 16381, 64637, 75004, 47687, 60782, 85191, 81772, 39647, 99864, 26251, 12262, 57147, 36817, 16024, 70147, 53491, 75004, 75004, 50931, 22372, 72621, 50313, 5345, 96693, 85191, 4319, 91204, 60010, 16551, 68832, 12933, 93778, 35021, 22641, 76535, 10130, 1056, 63825, 82128, 26330, 30054, 83468, 32440, 21020]
Tree:
None

Fitness:
21.89026253029822