Generation:
50

Phenotype:
Seq_CheckState_GetMission_MoveToMission_ReachMission?_Sel_Seq_Rescue?_ExecuteRescue_/Seq_Seq_Carry?_ExecuteCarry_/Seq_/Sel_/Seq

Genotype:
[33136, 55824, 55104, 38740, 33085, 279, 69386, 28861, 55824, 45984, 50970, 33085, 63420, 69386, 28861, 51798, 99093, 55446, 73614, 75854, 60956, 55824, 67194, 79422, 29681, 82896, 55824, 55104, 14295, 58427, 63574, 63997, 62080, 69386, 35884, 51798, 18927, 7861, 69563, 70846, 99093, 65253, 1924, 99101, 98853, 36373, 86317, 29939]
Tree:
None

Fitness:
19.72931687685298