Generation:
50

Phenotype:
Seq_CheckState_GetMission_MoveToMission_CheckState_ReachMission?_Sel_Seq_Carry?_ExecuteCarry_/Seq_Seq_OutFire?_ExecuteOutFire_/Seq_Seq_Rescue?_ExecuteRescue_/Seq_/Sel_/Seq

Genotype:
[11949, 98348, 80396, 1216, 76669, 89328, 51322, 62435, 89328, 44625, 16052, 57055, 16052, 37484, 16052, 3526, 23401, 41905, 83988, 60728, 89328, 44625, 16052, 37484, 16052, 9684, 91204, 3526, 93402, 97038, 83988, 91204, 36733, 11123, 67530, 28107, 91204, 5557, 13994, 67530, 91204, 16052, 72360, 25589, 97038, 16052, 37484, 16052, 3526, 23401, 1216, 76669, 80479, 88383, 91204, 34033, 20818, 44128, 3087, 34558, 62429, 72930, 22332, 89328, 44625, 16052, 37484, 16052, 3526, 63797, 41905, 83988, 91204, 36733, 67262, 1216, 76669, 80479, 59331, 91204, 34033, 20818, 44128, 3087, 34558, 62429, 89328, 51322, 60728, 89328, 44625, 66760, 3087, 83988, 62429, 33018, 55669, 9373, 58192, 1635, 61295, 43327, 52793, 48436, 99944]
Tree:
None

Fitness:
69.60382059609971