Generation:
100

Phenotype:
Seq_CheckState_GetMission_MoveToMission_GetMission_ReachTarget?_GetMission_ExecuteMission_/Seq

Genotype:
[51237, 12078, 74395, 11236, 44431, 34252, 32257, 6565, 96301, 61200, 69751, 19396, 70736, 44369, 86024, 42430, 79337, 10495, 87960, 21623, 35757, 42631, 77187, 32257, 95697, 70736, 44369, 19396, 70736, 44369, 69344, 26702, 44388, 58916, 10378, 52928, 74395, 39228, 95697, 30381, 95361, 58915, 11571, 61200, 86024, 34252, 79337, 15165, 47614, 34252, 37225, 55024, 95697, 86024, 41900, 45223, 21276, 34647, 40274, 89441, 83618, 86024, 88883, 50153, 57806, 37818, 80193, 79337, 2506, 61200, 86024, 64956, 66270, 15165, 6446, 35329, 98111, 74629, 68234, 97627, 42604, 61028, 26110, 33519, 1538, 27264, 92354, 33450, 73995, 57685, 84097, 54089]
Tree:
None

Fitness:
26.46925774829855