Generation:
50

Phenotype:
Seq_CheckState_GetMission_MoveToMission_MoveToMission_ReachMission?_Sel_Seq_OutFire?_ExecuteOutFire_/Seq_Seq_Rescue?_ExecuteRescue_/Seq_Seq_Carry?_ExecuteCarry_/Seq_/Sel_/Seq

Genotype:
[57338, 34880, 74556, 75302, 91417, 35276, 92134, 2139, 64714, 65434, 54020, 35660, 91417, 1406, 63135, 83532, 91417, 35186, 85820, 76229, 1406, 39860, 16564, 22406, 19301, 13044, 12435, 76229, 1406, 63135, 13338, 58570, 52806, 35660, 91845, 34880, 86524, 11749, 88449, 22406, 88822, 77015, 86026, 19064, 22406, 19301, 13044, 12435, 63135, 8797, 70757, 34880, 22964, 58570, 52806, 45550, 87259, 89169, 16565, 97099, 42126, 11688, 71322, 24446, 73446, 60755, 56831, 18334, 82037, 14166, 46132, 37048, 94819, 63620]
Tree:
None

Fitness:
51.04132059609971