Generation:
200

Phenotype:
Seq_CheckState_GetMission_TopMission?_OutFire?_Sel_Seq_NeedExecute?_MoveToMission_/Seq_/Sel_ReachMission?_Sel_Seq_OutFire?_ExecuteOutFire_/Seq_/Sel_/Seq

Genotype:
[92308, 8859, 25304, 12201, 21017, 53964, 26700, 11119, 12957, 1958, 86749, 76449, 92014, 492, 97673, 58787, 97673, 29589, 88931, 10190, 51217, 98712, 34029, 81583, 28952, 32664, 89963, 68348, 90392, 95438, 4321, 53964, 84615, 68634, 12957, 8859, 25304, 44553, 4321, 53964, 27590, 73657, 12957, 1958, 86749, 32033, 57590, 68839, 88439, 33320, 57921, 34426, 63540, 27490, 49501, 22039, 23253, 95849, 90279, 47120, 76795, 65141, 4321, 53964, 9576, 13598, 6239, 47649, 21479, 76327, 56975, 92629, 1958, 86749, 6986, 47643, 68839, 77561, 24260, 77926, 46833, 31068, 82926, 12957, 22039, 23253, 2432, 72268, 17687, 76795, 9576, 89695, 6239, 68331, 46370, 5634, 56975, 31905, 80566, 24260, 77926, 46833, 31068, 82926, 41718, 6526, 12906, 31274, 80829, 58026, 70982, 76449, 32247, 492, 97433, 98239, 89265, 33234, 38153, 98876, 9183, 4321, 86729, 53964, 45917, 86937, 26490, 78014, 20623, 30674, 33440, 58821, 9296, 83705, 52861, 95030, 4870, 93017, 2186, 73039, 57181, 10971, 85197, 75085, 73277, 20241]
Tree:
None

Fitness:
48.89282106327636