Generation:
100

Phenotype:
Seq_CheckState_GetMission_MoveToMission_ReachTarget?_ExecuteMission_/Seq

Genotype:
[21571, 89292, 16460, 73936, 56316, 23969, 71657, 46837, 6347, 40457, 16964, 11230, 89285, 23539, 88611, 19663, 99373, 3032, 76690, 39558, 53932, 14320, 45449, 17603, 2315, 14320, 38600, 48161, 55762, 94371, 520, 1770, 66975, 97219, 56975, 15076, 26310, 37934, 80757, 77271, 45449, 17603, 85244, 33536, 56348, 45828, 11230, 12315, 41686, 49142, 28542, 29337, 14238, 29327, 81675, 38452, 12462, 73936, 56316, 95174, 6347, 20085, 71657, 46837, 35373, 49699, 4048, 45354, 28597, 22105, 87589, 59843, 4114, 59293, 37155, 96008, 90906, 93592, 6729, 10166, 73589, 6454, 70594, 28401, 95770, 48982, 74833, 30032, 11942]
Tree:
None

Fitness:
21.89026253029822