Generation:
10

Phenotype:
Seq_GetMission_Sel_MoveToMission_AvoidObstacle_CheckState_MoveToMission_Seq_IsBlocked?_CheckState_GetMission_/Seq_/Sel_ReachTarget?_CheckState_ExecuteMission_/Seq

Genotype:
[73508, 99045, 22881, 65335, 40202, 33082, 80468, 61713, 93560, 44205, 60885, 16047, 13022, 31486, 82698, 19280, 98630, 47423, 10671, 69189, 603, 49582, 62920, 2899, 52759, 96620, 32673, 17896, 7550, 69189, 603, 49582, 29602, 95607, 98219, 14467, 59897, 46272, 36566, 4436, 84415, 13764, 40902, 39293, 99030, 79908, 32781, 94231, 6644, 2464, 61862, 83011, 27592, 85681, 61991]
Tree:
None

Fitness:
14.317821063276353