Generation:
100

Phenotype:
Seq_GetMission_Sel_MoveToMission_Seq_Carry?_CheckState_/Seq_/Sel_Sel_Seq_Carry?_ReachMission?_/Seq_/Sel_NeedExecute?_ExecuteCarry_Sel_NeedExecute?_Seq_NeedExecute?_/Seq_/Sel_/Seq

Genotype:
[64453, 52685, 20252, 15808, 86532, 98100, 43950, 92662, 37895, 59311, 65855, 88376, 52685, 66857, 71390, 52367, 79209, 50505, 39846, 92651, 88766, 98965, 26779, 93207, 34203, 99475, 86900, 15257, 54361, 6017, 15690, 22237, 32137, 86532, 98100, 97258, 76805, 96824, 14295, 76805, 93207, 51337, 32731, 9012, 95916, 77545, 19114, 4483, 88950, 48266, 40966, 85136, 64495, 92970, 30489, 57123, 8201, 42845, 7504, 32147, 96983, 99475, 32481, 55819, 10965, 15808, 86532, 98100, 43950, 85735, 22237, 32137, 65855, 67519, 97258, 68048, 60648, 72828, 80318, 55188, 48344, 63765, 86279, 75778, 56530, 97796, 20206, 70122, 17300, 97174, 76330, 82428, 18924, 93484, 12301, 24591, 43307, 29517, 39094, 61183, 66149, 87026, 67010, 49410, 49145, 35850, 46826, 99287, 79497, 20065, 47042, 39446, 31768]
Tree:
None

Fitness:
22.85017650163207