Generation:
50

Phenotype:
Seq_CheckState_GetMission_MoveToMission_ReachMission?_Sel_Seq_Carry?_ExecuteCarry_/Seq_Seq_Rescue?_ExecuteRescue_/Seq_Seq_OutFire?_ExecuteOutFire_/Seq_/Sel_/Seq

Genotype:
[66644, 42694, 51180, 56918, 99089, 56817, 65810, 79340, 47048, 75605, 42239, 13626, 75605, 70719, 55301, 76914, 63028, 46618, 35249, 42860, 53493, 12030, 3778, 90333, 43952, 51180, 56918, 51862, 6450, 88515, 18963, 69411, 40727, 42860, 62534, 55229, 22066, 61642, 55407, 56817, 65810, 98208, 48108, 71265, 87675, 91898, 950, 6450, 950, 16480, 81076, 65550, 83723, 86801, 73141, 21991, 73224, 58120, 3444, 57566, 19405, 17347, 81344, 34994, 31461, 95277, 2497, 73224, 58120, 3444, 57566, 19405, 68570, 68570, 52354, 34415, 95394, 25269, 25915, 21182, 56332, 42239, 79915, 93433, 81963, 53082, 65810, 61734, 56332, 46872, 85232, 48524, 79743, 21904, 17421, 19169, 50669, 67733, 44039, 94638, 28626, 1970, 92317]
Tree:
None

Fitness:
50.059558540778355