Generation:
50

Phenotype:
Seq_CheckState_GetMission_MoveToMission_ReachMission?_Sel_Seq_Rescue?_ExecuteRescue_/Seq_Seq_Carry?_ExecuteCarry_/Seq_/Sel_/Seq

Genotype:
[78031, 43780, 34656, 96766, 16393, 24775, 94614, 69081, 8842, 37132, 78183, 42913, 32107, 90047, 80271, 72382, 20871, 78183, 42913, 51836, 90047, 80271, 72382, 32790, 12798, 90597, 42116, 89117, 34656, 51180, 16393, 68010, 67916, 31098, 25199, 6849, 7018, 13598, 96506, 69081, 78183, 42913, 53143, 51836, 7229, 8700, 86448, 53380, 45074, 21079, 77853, 81420, 95162, 45129, 17290, 41245, 53787]
Tree:
None

Fitness:
51.61681687685298