Generation:
50

Phenotype:
plog(np.sin(psqrt(x[:, 3]))*psqrt(np.sin(np.sin(psqrt(x[:, 0])))))

Genotype:
[19568, 26237, 28790, 34339, 8217, 88459, 6485, 20195, 37834, 72414, 32257, 317, 81816, 7787, 78558, 53574, 3623, 42361, 81816, 7787, 79445, 36334, 46376, 36316, 55269, 24649, 34010, 16564, 30209, 88680, 88459, 9424, 83417, 90377, 14552, 27609, 10654, 612, 83537, 88459, 90336, 82331, 21127, 47960, 73954, 6485, 81739, 85571, 86001, 26552, 99169, 5850, 72143, 84279, 50691, 317, 91940, 50583, 73733, 45365, 28597, 27580, 63226, 42550, 86001, 24649, 34010, 16564, 30209, 88680, 88459, 9424, 83417, 90377, 14552, 27609, 10654, 612, 83537, 88459, 90336, 82331, 21127, 47960, 17206, 71991, 25910, 88459, 3623, 37834, 1491, 7251, 57067, 72380, 79999, 6413, 317, 27281, 7787, 99169, 5850, 52598, 15963, 1491, 36712, 85232, 83089, 35704, 52564, 74578, 24649, 34010, 59912, 72617, 45365, 94541, 30613, 69473, 52778, 31895, 24649, 80638, 50078, 72617, 61827, 65950, 50341, 98865, 5256, 1491, 7251, 60138, 72380, 79999, 3928, 2331, 31283, 96259, 52286, 41391, 36316, 55269, 54958, 39254, 99023, 54067, 13225, 24379, 21274, 92671, 50078, 72617, 61827, 65155, 66797, 80530, 72255, 86696, 17506, 67878, 27610, 72040, 84466, 70641, 81390, 63559, 96517, 276, 13260, 59811, 24548, 27580, 63226, 42550, 86001, 26552, 45713, 91107, 65515, 30766, 47960, 30086, 71991, 25910, 4529, 6485, 20195, 11554, 73808, 84503, 47960, 78963, 71991, 25910, 88459, 52092, 2331, 31283, 96259, 73954, 6485, 81739, 37834, 49659, 26552, 45504, 37834, 10772, 97499, 41617, 93978, 65026, 45365, 92671, 98923, 678, 36, 27281, 7787, 7787, 78558, 53574, 45365, 28597, 49163, 6471, 20423, 30829, 53899, 81867, 17135, 54173, 71703, 93775, 30281, 95260, 17944, 69500, 20227, 93978, 24379, 45365, 86716, 91345, 47960, 53697, 85469, 32009, 79292, 30695, 41048, 83589, 90893, 63237, 22264, 34063, 70457, 84578, 23840, 45291, 45365, 92671, 51418, 75748, 53697, 22975, 62430, 99619, 96517, 83985, 14299, 23334, 33987, 3843, 60138, 72380, 79999, 3928, 25804, 90336, 16491, 99619, 49841, 49874, 72022, 39087, 59523, 64408, 58792, 61827, 64422, 74104, 92842, 94541, 30613, 69473, 23408, 69273, 81139, 45865, 5964, 74371, 18331, 30372, 41828, 9449, 56227, 10222, 38769, 90001, 93906, 12091, 4959, 99882, 51118, 3426, 99282]
Tree:
None

Fitness:
0.17157833623015797