Generation:
100

Phenotype:
Seq_GetMission_CheckState_Sel_MoveToMission_ExecuteMission_Seq_IsBlocked?_AvoidObstacle_/Seq_/Sel_ReachTarget?_ExecuteMission_/Seq

Genotype:
[96402, 24948, 681, 76009, 80995, 84680, 64230, 83312, 681, 76009, 80995, 84680, 64230, 61579, 46398, 85832, 46201, 23213, 38724, 24948, 7912, 14447, 49310, 64230, 30162, 91097, 44860, 99823, 44036, 74878, 46398, 61902, 55061, 80995, 63231, 44036, 71834, 95416, 8514, 40447, 94135, 51452, 94599, 16792, 91097, 18095, 9776, 85832, 46398, 85832, 26901, 80995, 38597, 85832, 91097, 28008, 97655, 25154, 94599, 15412, 85539, 72152, 68500, 57001, 92964, 2417, 80995, 3854, 24948, 51452, 76009, 11830, 1103, 80995, 94741, 83170, 27204, 94599, 15412, 85539, 72152, 68500, 57001, 28487, 90289, 77226, 14450, 99211, 90966, 5443, 75386, 83797, 58383, 10771, 72918, 30518, 78199, 52637, 38218, 60988, 87088, 14833, 68385, 97993, 45266, 52107, 21, 43816, 65822, 62835, 23750, 32850, 48166, 10887, 57204, 98313, 1368, 11963, 98241, 66119]
Tree:
None

Fitness:
29.59925425099138