Generation:
50

Phenotype:
Seq_CheckState_GetMission_Sel_MoveToMission_Seq_IsBlocked?_AvoidObstacle_/Seq_/Sel_ReachMission?_Sel_Seq_Carry?_ExecuteCarry_/Seq_Seq_OutFire?_ExecuteOutFire_/Seq_/Sel_/Seq

Genotype:
[82010, 54978, 61524, 47466, 37701, 74469, 88091, 33263, 8883, 73186, 81784, 59588, 66279, 46173, 24088, 36250, 84369, 1418, 81784, 59588, 66279, 46173, 8586, 91416, 36250, 12249, 34768, 84369, 1418, 81784, 59588, 42620, 46173, 24088, 24504, 71268, 89931, 39541, 6752, 71011, 89073, 78179, 5482, 43851, 44332, 60045, 80391, 88575, 49948, 21654, 54060, 18727, 17757, 50891, 85745, 26688, 19442, 71465, 8873, 957, 4369, 50312, 46531]
Tree:
None

Fitness:
59.358820596099704