Generation:
50

Phenotype:
Seq_CheckState_GetMission_CheckState_MoveToMission_ReachMission?_Sel_Seq_Rescue?_ExecuteRescue_/Seq_Seq_Carry?_ExecuteCarry_/Seq_/Sel_/Seq

Genotype:
[20499, 61574, 82384, 77912, 92513, 96790, 89824, 71199, 47254, 38775, 21872, 71877, 91791, 62849, 47558, 98099, 8286, 75292, 51919, 81066, 15665, 19791, 92545, 39768, 93368, 92624, 88370, 44153, 51919, 19791, 77504, 71199, 47254, 38775, 95388, 67485, 28254, 92402, 88370, 44153, 19426, 93449, 62131, 9, 46903, 11858, 41145, 87121, 92545, 27653, 39768, 94600, 92513, 67985, 82872, 87556, 67985, 82872, 87556, 3827, 55615, 75944, 59011, 59565, 68037, 70858, 34220, 45971, 48318]
Tree:
None

Fitness:
52.58916406412634