Generation:
200

Phenotype:
Seq_CheckState_GetMission_MoveToMission_ReachMission?_Rescue?_ExecuteRescue_ExecuteRescue_GetMission_ExecuteOutFire_ExecuteOutFire_/Seq

Genotype:
[41640, 44755, 16766, 4865, 54048, 65164, 81963, 86228, 822, 85186, 85293, 43922, 16766, 64453, 54048, 38364, 86228, 25222, 43794, 97053, 70729, 82297, 88884, 16766, 4865, 54048, 65164, 40452, 86228, 96442, 55884, 72275, 92563, 54048, 23900, 67613, 52078, 36236, 4775, 54363, 23223, 48289, 26229, 24464, 86228, 68016, 60373, 17537, 43157, 54188, 21760, 5869, 19013, 91845, 14215, 27983, 60475, 49867, 50595, 92171, 11208, 79242, 96860, 88984, 23223, 66044, 83392, 24464, 53020, 21586, 2065, 69056, 66044, 83392, 52701, 3849, 96306, 38364, 86228, 40742, 91427, 25224, 22752, 64799, 3363, 93328, 77133, 84083, 53627, 90085, 52012, 79055, 71735, 68629, 76337, 7137, 95437, 79610, 63348, 32802, 79225, 87341, 73562, 75778, 14051, 759, 91941, 23727, 90143, 43014]
Tree:
None

Fitness:
10000