Generation:
50

Phenotype:
Seq_CheckState_GetMission_MoveToMission_ReachMission?_Sel_Seq_Carry?_ExecuteCarry_/Seq_Seq_Rescue?_ExecuteRescue_/Seq_/Sel_/Seq

Genotype:
[62072, 75614, 17752, 45418, 22605, 43053, 85114, 18457, 75614, 77135, 8744, 67641, 50322, 39723, 81677, 55529, 71079, 79796, 5143, 35351, 33962, 81511, 50269, 76795, 45418, 22605, 17752, 45418, 22605, 40583, 35351, 33962, 81511, 85114, 76795, 80972, 81677, 55529, 71079, 79796, 14377, 57317, 32828, 802, 17233, 25678, 40711, 19434, 61406, 9053, 79520, 8237, 73161]
Tree:
None

Fitness:
51.61681687685298