Generation:
40

Phenotype:
Seq_CheckState_GetMission_MoveToMission_CheckState_CheckState_MoveToMission_ReachMission?_Rescue?_ExecuteRescue_/Seq

Genotype:
[30552, 54037, 90708, 57652, 33526, 19727, 88464, 2060, 51870, 61810, 3446, 58163, 54037, 90708, 57652, 90846, 62413, 69102, 22209, 89800, 19727, 88464, 57652, 17733, 94209, 88464, 2060, 90708, 57652, 21907, 75580, 69102, 28665, 97686, 42442, 21907, 75580, 69102, 23767, 53632, 4826, 98817, 67916, 2823, 39866, 87344, 82145, 64059, 63765, 42442, 26659, 98616, 27483, 34934, 64059, 50247, 42442, 79614, 22035, 63221, 29308, 19286, 73616, 13790, 21907, 733, 19286, 73616, 35530, 14121, 36764, 81184, 70528, 39386, 15809, 2060, 23478, 60773, 73429, 87344, 82145, 64059, 63765, 42442, 79614, 22035, 75580, 45849, 91463]
Tree:
None

Fitness:
10000