Generation:
100

Phenotype:
Seq_CheckState_Sel_MoveToMission_GetMission_Seq_IsBlocked?_GetMission_/Seq_/Sel_ReachTarget?_ExecuteMission_/Seq

Genotype:
[3206, 85153, 99590, 59584, 30326, 75792, 39919, 96476, 21574, 90506, 54084, 55607, 96476, 21574, 49035, 86007, 21574, 99590, 40374, 30326, 70160, 82016, 71311, 30326, 31067, 50446, 76117, 24934, 37317, 82638, 1956, 98275, 86007, 21574, 87962, 61283, 67341, 37317, 73103, 65667, 79465, 72693, 47911, 46298, 23449, 42402, 50435, 27546, 36475, 99217, 48131, 92607, 77338, 64129]
Tree:
None

Fitness:
25.64930650891055