Generation:
50

Phenotype:
Seq_CheckState_GetMission_Sel_MoveToMission_Seq_IsBlocked?_AvoidObstacle_/Seq_/Sel_MoveToMission_ReachMission?_Sel_Seq_Carry?_ExecuteCarry_/Seq_Seq_OutFire?_ExecuteOutFire_/Seq_/Sel_/Seq

Genotype:
[68502, 44010, 86672, 69666, 8741, 28756, 1179, 99660, 77877, 35442, 5611, 30552, 74372, 82586, 50037, 83597, 93679, 8181, 8741, 2311, 762, 68413, 94058, 16742, 74372, 60774, 87280, 63385, 19757, 23348, 30552, 55928, 8741, 2311, 35970, 67792, 8478, 79468, 37534, 39501, 28756, 1179, 50756, 44670, 80915, 15061, 52738, 99613, 73913, 16172, 32473, 86372, 29586, 5611, 46669, 4480, 98869, 70609, 28217, 6325, 12546, 94498, 76690, 3922]
Tree:
None

Fitness:
60.34267650163207