Generation:
200

Phenotype:
Seq_CheckState_GetMission_Sel_MoveToMission_Seq_Carry?_AvoidObstacle_/Seq_/Sel_ReachMission?_Sel_Seq_Carry?_ExecuteCarry_/Seq_Seq_Rescue?_ExecuteRescue_/Seq_/Sel_/Seq

Genotype:
[30041, 75704, 58408, 60105, 59956, 71760, 76288, 71458, 21989, 55394, 7686, 23771, 17158, 53474, 59414, 19711, 74377, 66500, 41182, 8607, 21989, 55394, 7686, 23771, 42564, 68092, 67420, 14264, 45548, 90388, 58408, 21989, 55394, 7686, 76288, 46839, 23842, 76288, 76288, 23906, 53474, 59414, 76099, 47320, 66500, 65086, 68092, 93482, 8880, 94606, 98553, 58408, 15461, 23771, 68092, 93482, 22712, 45548, 23276, 58408, 60105, 59956, 7390, 57034, 54423, 21989, 61770, 7686, 53481, 65086, 59414, 70308, 74377, 66500, 85875, 87851, 71691, 86343, 33660, 34133, 11424, 85458, 10327, 64092, 32941, 64189, 24794, 87016, 99745, 26246, 53050, 2703, 8107, 51317, 95060, 61158, 18257, 57371, 55700, 53346, 69711]
Tree:
None

Fitness:
55.66632059609971