Generation:
200

Phenotype:
Seq_CheckState_GetMission_MoveToMission_MoveToMission_ReachMission?_Sel_ExecuteOutFire_Seq_OutFire?_GetMission_/Seq_/Sel_/Seq

Genotype:
[50956, 15206, 3656, 2457, 83110, 99184, 20348, 13806, 85477, 13806, 60601, 61946, 43698, 43076, 77150, 20348, 47419, 51086, 77581, 84609, 60601, 61946, 26593, 79745, 29103, 80518, 77258, 7461, 20348, 45374, 91514, 72903, 49634, 16345, 34621, 3656, 25641, 71506, 10506, 83110, 67780, 29311, 17068, 83110, 11219, 65346, 98940, 38492, 26638, 80518, 91514, 7461, 49282, 77150, 69066, 68921, 12958, 43851, 1526, 3868, 73414, 14235, 75628, 51845, 61261, 50935, 15221, 16345, 46955, 25789, 74109]
Tree:
None

Fitness:
10000