Generation:
10

Phenotype:
Seq_CheckState_GetMission_Sel_MoveToMission_Seq_IsBlocked?_ExecuteMission_AvoidObstacle_ExecuteMission_MoveToMission_/Seq_/Sel_ReachTarget?_ExecuteMission_/Seq

Genotype:
[72945, 74412, 35495, 46181, 89226, 59019, 26173, 49067, 66249, 36224, 98564, 63000, 29274, 89360, 30618, 64552, 52734, 75733, 15942, 99986, 97385, 40271, 7989, 3335, 47893, 9536, 45246, 44991, 50993, 29274, 28791, 30618, 64552, 32772, 75733, 15942, 99986, 97385, 40271, 7989, 3328, 47893, 9536, 45246, 44991, 66249, 36224, 40966, 17018, 39821, 65060, 33873, 60230, 32680, 34178, 28237, 67463, 65128, 66147, 35649, 6629, 48039, 81555, 64667, 28004]
Tree:
None

Fitness:
13.341664064126334