Generation:
50

Phenotype:
Seq_CheckState_GetMission_MoveToMission_GetMission_Sel_Seq_ReachMission?_GetMission_/Seq_/Sel_OutFire?_Sel_ExecuteCarry_Seq_OutFire?_ExecuteOutFire_/Seq_/Sel_/Seq

Genotype:
[15404, 76888, 56980, 82794, 85828, 43112, 52201, 65285, 10711, 81725, 9449, 43112, 52201, 99499, 55288, 47470, 68935, 30225, 5253, 66344, 23067, 12214, 96411, 2596, 62640, 22746, 65061, 99170, 59337, 26761, 46891, 96409, 36024, 40377, 70795, 52201, 64409, 43112, 52201, 52475, 36449, 83085, 68935, 27793, 75906, 9302, 15861, 55288, 47470, 68935, 27793, 75906, 9302, 15861, 55288, 47470, 75906, 20928, 30804, 64456, 84414, 30225, 5253, 66344, 23067, 12214, 96411, 2596, 62640, 22746, 65061, 99170, 59337, 26761, 46891, 96409, 36024, 40377, 71656, 74073, 73390, 23128, 15575, 46847, 53701, 96734, 25965, 59802, 71275, 67788, 21970, 91742, 23067, 12214, 23228, 16529, 78787, 22746, 79202, 8565, 1338, 64798]
Tree:
None

Fitness:
49.872058540778355