Generation:
50

Phenotype:
Seq_CheckState_GetMission_Sel_MoveToMission_Seq_IsBlocked?_AvoidObstacle_/Seq_/Sel_ReachMission?_Sel_Seq_Rescue?_ExecuteRescue_/Seq_Seq_Carry?_ExecuteCarry_/Seq_/Sel_/Seq

Genotype:
[39592, 71460, 82896, 87538, 67105, 64829, 81223, 25906, 13777, 30268, 12376, 27243, 39111, 60741, 46358, 72840, 22076, 50382, 94847, 26048, 16511, 13777, 77380, 3644, 16049, 580, 24742, 15891, 57885, 78417, 29094, 26755, 85686, 15117, 94847, 26048, 16511, 13777, 30268, 10007, 73538, 41559, 87128, 20496, 98248, 46957, 43297, 1578, 66205, 76935, 67105, 65232, 80497, 3036, 3580, 41559, 18401, 91615, 24996, 56674]
Tree:
None

Fitness:
24.15882059609971