Generation:
100

Phenotype:
Seq_CheckState_GetMission_NeedExecute?_TopMission?_Sel_Seq_GetMission_IsBlocked?_/Seq_Seq_MoveToMission_NeedExecute?_/Seq_/Sel_OutFire?_Sel_ExecuteRescue_Seq_ReachMission?_ExecuteOutFire_/Seq_/Sel_/Seq

Genotype:
[26645, 38121, 87240, 5950, 4199, 52417, 11252, 24306, 77835, 23201, 95169, 68968, 38121, 12371, 20945, 66794, 56085, 86521, 14795, 94187, 16375, 76522, 5284, 22061, 55073, 83250, 23311, 27228, 28783, 33310, 27986, 11099, 8492, 84543, 23311, 25440, 40590, 97880, 5284, 50742, 38121, 87240, 82380, 6528, 35091, 25583, 68082, 23311, 23301, 70539, 41468, 26250, 1802, 40697, 6103, 21102, 98154, 60418, 78283, 22134, 70539, 41468, 26250, 1802, 40697, 77570, 26250, 1802, 27986, 76473, 39139, 83446, 83656, 32113, 61411, 6966, 55949, 69783, 95169, 68968, 38121, 87240, 20945, 49910, 25583, 83250, 23311, 6966, 55949, 50343, 91769, 52417, 23686, 24306, 31004, 56670, 82241, 65579, 63564, 10919, 47928, 66855, 87857, 66175, 72703, 79980, 69834, 16708, 60522, 14327, 79660, 5052, 49664, 12763, 47489, 37406, 24097, 99872]
Tree:
None

Fitness:
52.823287590894665