Generation:
20

Phenotype:
Seq_CheckState_GetMission_MoveToMission_Sel_AvoidObstacle_Seq_ReachTarget?_ExecuteMission_/Seq_/Sel_IsBlocked?_AvoidObstacle_AvoidObstacle_/Seq

Genotype:
[15154, 36604, 35800, 20256, 99391, 17885, 90742, 74223, 10141, 86703, 86522, 45497, 85461, 91511, 45344, 62944, 7046, 90742, 74223, 10141, 86703, 86522, 45497, 85461, 83012, 45344, 62944, 7046, 81007, 7046, 84336, 52974, 90742, 74223, 10141, 86703, 86522, 45497, 85461, 83012, 45344, 62944, 60713, 84336, 22481, 27862, 96290, 37544, 70840, 82684, 44954, 42635, 73267, 97118, 94813, 54900, 80406, 91714, 67609, 89253, 79192, 99090]
Tree:
None

Fitness:
28.176816876852982