Generation:
100

Phenotype:
Seq_CheckState_Sel_MoveToMission_GetMission_Seq_IsBlocked?_GetMission_/Seq_/Sel_ReachTarget?_ExecuteMission_/Seq

Genotype:
[79724, 45179, 57150, 93482, 17644, 53297, 60635, 39451, 10066, 29218, 40436, 35013, 21111, 54989, 83811, 71181, 94784, 32913, 25500, 66328, 49352, 78626, 24104, 25281, 92318, 79591, 1979, 64592, 61020, 99266, 7125, 1987, 69327, 102, 15531, 72479, 21521, 99831, 72295, 17220, 82017, 59481, 28261, 37805, 91797, 65761, 64210, 25703, 14732, 61147, 6291, 51092, 88670, 10949, 44206, 52604, 24255, 46159, 54142, 82364, 56591, 30876, 75594, 55112, 12199, 87827]
Tree:
None

Fitness:
26.24780650891055