Generation:
50

Phenotype:
Seq_CheckState_GetMission_MoveToMission_ReachMission?_Sel_Seq_OutFire?_ExecuteOutFire_/Seq_Seq_Rescue?_ExecuteRescue_/Seq_Seq_Carry?_ExecuteCarry_/Seq_/Sel_/Seq

Genotype:
[55524, 55020, 9872, 13820, 62817, 69113, 62818, 39083, 68904, 34016, 6844, 69776, 18942, 13908, 69113, 62818, 39083, 68904, 34016, 94165, 39830, 96483, 29366, 4066, 72817, 55020, 9872, 91246, 94165, 62817, 86388, 45237, 38170, 39830, 96483, 62225, 4066, 59830, 47648, 43181, 13820, 72988, 86388, 45237, 68904, 71430, 62885, 3150, 53033, 93105, 59256, 68904, 10703, 59830, 54930, 84064, 30649, 9872, 23376, 94165, 71430, 39083, 68904, 55412, 18942, 86388, 28659, 2583, 43181, 67901, 59830, 55412, 59908, 55412, 86388, 45237, 75852, 3150, 53033, 93105, 43181, 86388, 55412, 59908, 55412, 86388, 45237, 68904, 3150, 53033, 93105, 43181, 80516, 85359, 55020, 80224, 46448, 3150, 28659, 6944, 43181, 67901, 80516, 85359, 86991, 34933, 61142, 13538, 66466, 16969, 92371]
Tree:
None

Fitness:
53.03955854077836