Generation:
100

Phenotype:
Seq_GetMission_Sel_MoveToMission_CheckState_Seq_IsBlocked?_AvoidObstacle_/Seq_/Sel_ReachTarget?_ExecuteMission_/Seq

Genotype:
[84756, 4923, 91956, 3628, 22902, 48537, 49627, 88905, 25607, 95419, 43628, 9011, 22243, 54638, 60315, 88741, 58904, 3852, 48066, 31075, 60224, 43628, 33678, 50953, 97094, 94636, 52368, 46834, 96018, 53658, 22326, 25254, 96758, 20366, 26104, 84540, 8541, 88741, 37706, 3852, 84080, 19274, 60224, 43628, 33678, 48997, 1001, 86915, 49113, 38205, 11396, 49986, 88905, 39039, 84665, 46096, 32605, 56244, 62995, 60285, 37326, 96018, 53658, 22326, 25254, 92223, 28773, 54527, 21576, 77850, 83046, 46096, 32605, 56244, 25254, 92223, 8541, 88741, 58904, 3852, 6836, 31075, 60224, 43628, 33678, 55237, 97094, 94636, 52368, 46834, 96018, 53658, 77629, 68924, 51313, 28773, 20335, 91956, 83610, 43988, 17707, 54638, 44110, 14844, 15613, 36805, 73193, 15636, 95810, 79557, 55506, 21576, 12933, 24268, 83901, 61439, 99260, 70621, 46096, 52067, 66962, 25254, 92223, 25449, 84949, 50465, 43273, 61277, 77495, 4347, 44110, 14844, 10303, 15613, 36805, 73193, 15636, 88454, 76198, 95094, 106, 75810, 96758, 20366, 89417, 37759, 60803, 21572, 36046, 69098, 9011, 86622, 7417, 50894, 82943, 84947, 25180, 1926, 17492, 43946, 43648]
Tree:
None

Fitness:
28.84730650891055