Generation:
200

Phenotype:
Seq_CheckState_CheckState_GetMission_Sel_MoveToMission_Seq_Carry?_ExecuteRescue_/Seq_/Sel_ReachMission?_Sel_AvoidObstacle_Seq_Rescue?_ExecuteRescue_/Seq_/Sel_/Seq

Genotype:
[36821, 73706, 33831, 65124, 84028, 12817, 58157, 27718, 41862, 55415, 42569, 85026, 10331, 57260, 5610, 63791, 7747, 47436, 20068, 41731, 13740, 28097, 82449, 77574, 20933, 40342, 44486, 30078, 50196, 47822, 64512, 65099, 52409, 56580, 9749, 48596, 76821, 98237, 78624, 24925, 15795, 40694, 66600, 78530, 73421, 25907, 93824, 86838, 64916, 40025, 36450, 56842, 21295, 51746, 66876, 42322, 3202, 82354, 31864, 62919, 86520, 763, 57075, 55617, 77656, 87475, 51446, 55882, 32259, 69638, 36452, 2129, 17005, 34553, 54202, 88137]
Tree:
None

Fitness:
10000